{
  "accuracy": 0.9811349197803381,
  "accuracy3": 0.9830515774738883,
  "precision-overall": 0.9147177773870231,
  "recall-overall": 0.9210339943342776,
  "f1-measure-overall": 0.917865019849972,
  "loss": 152.2855705331873
}